0.768221 0.384111 0.512148 2.14042
0.741999 0.212 0.635999 0.823747
0.874157 0.291386 0.388514 1.32227
0.742781 0.371391 0.557086 0.839242
0.633724 0.443607 0.633724 0.626885
0.894427 -0.268328 0.357771 1.25474
0.928477 0 0.371391 0.457663
0.741999 -0.212 0.635999 1.34447
0 -0.780869 0.624695 1.33289
0.980581 -0.196116 0 1.64877
0.502571 -0.574367 0.646162 1.17348
0.601317 0.601317 0.526152 1.0751
0.759257 0 0.650791 0.779038
0.912871 -0.365148 0.182574 2.3743
0.948683 0 0.316228 0.725045
0.766261 -0.287348 0.574696 0.886208
0.8 0 0.6 1.82788
0.744208 0.248069 0.620174 1.05748
0.80829 -0.11547 0.57735 1.02072
0.928477 0 0.371391 1.2152
0.768221 -0.384111 0.512148 1.31137
0.919145 0 -0.393919 2.20949
0.874157 -0.291386 0.388514 2.27499
0.254 0.889001 0.381 4.12013
0 0.980581 0.196116 1.9518
0.752577 0 0.658505 0.875048
0.737865 -0.421637 0.527046 1.47834
0.889001 0.254 0.381 1.95127
0.703526 0.100504 0.703526 0.753897
0.980581 -0.196116 0 2.17181
0.928477 0 0.371391 1.46896
0.963087 -0.240772 0.120386 1.40673
0.749269 0.0936586 0.65561 0.799571
0.254 0.889001 0.381 2.72849
0.7396 0.64715 0.1849 1.5575
0.762001 -0.127 0.635001 0.940896
-0.492366 -0.615457 0.615457 2.42639
0.824163 0.137361 0.549442 1.50261
0.724286 0.271607 0.63375 1.00709
0.854358 -0.512615 0.0854358 0.640093
0.948683 0 0.316228 1.58824
0.766261 0.574696 0.287348 1.48947
0.777482 -0.172774 0.604708 0.813071
0.963087 0.240772 0.120386 1.04067
0.754829 -0.646997 0.107833 2.22076
0.843274 -0.105409 0.527046 0.936649
0.824163 -0.137361 0.549442 1.6786
0.633724 0.443607 0.633724 2.05776
0.696733 -0.348367 0.62706 0.787003
0.889001 0.254 -0.381 2.33608
0.553372 -0.553372 0.622543 1.23205
0.196116 -0.980581 0 1.9156
0.768221 -0.384111 0.512148 0.731153
0.735215 -0.147043 0.661693 1.25522
0.8 0 0.6 1.85373
0.724286 -0.271607 0.63375 1.31282
0.737865 0.421637 0.527046 1.62639
0.963087 0.120386 0.240772 0.726926
0.919145 0 -0.393919 1.64052
0.744208 -0.248069 0.620174 1.01713
0.980581 0 0.196116 1.78171
0.912871 -0.365148 0.182574 0.891204
0.633724 0.443607 0.633724 1.18291
0.824163 -0.137361 0.549442 0.804944
0.674579 -0.299813 0.674579 0.767109
0.912871 -0.182574 0.365148 1.50222
0.553372 -0.553372 0.622543 1.26752
0.39036 -0.78072 0.48795 1.48261
0.744208 -0.248069 0.620174 1.46436
0.254 -0.889001 -0.381 0.803635
0.744208 -0.248069 0.620174 1.32376
0.843274 0.105409 0.527046 0.93989
0.291386 -0.874157 0.388514 2.10991
0.633724 0.443607 0.633724 2.06839
0.762001 -0.127 0.635001 0.778051
0.843274 0.105409 0.527046 0.960773
0.857493 0.514496 0 1.82488
0.744208 -0.248069 0.620174 1.43175
0.744845 -0.0827606 0.662085 0.747989
0.857143 -0.428571 0.285714 0.937576
-0.291386 -0.874157 0.388514 1.36548
0.911685 -0.341882 0.227921 1.16618
0.874157 -0.291386 0.388514 1.06131
0.8 0 0.6 1.36952
0.759257 0 0.650791 1.26167
0.843274 0.105409 0.527046 1.28783
0.737865 0.421637 0.527046 1.44175
0.768221 -0.384111 0.512148 1.16909
0.874157 0.291386 0.388514 1.19562
0.768221 0.384111 0.512148 0.907074
0.8 0 0.6 1.02968
0.813733 0 0.581238 0.984412
0.744208 -0.248069 0.620174 1.64197
0.742781 0.371391 0.557086 2.59467
0.874157 -0.291386 0.388514 1.72533
0.754829 0.646997 0.107833 1.44516
0.724286 -0.271607 0.63375 0.865619
0.771517 0.154303 0.617213 0.507355
0.919145 0 -0.393919 1.39884
0.889001 -0.254 0.381 1.67645
0.824163 -0.137361 0.549442 1.47996
0.883452 -0.331295 0.331295 2.1855
0.696733 -0.348367 0.62706 1.70911
0.745356 0.298142 0.596285 0.657424
0.698535 0.15523 0.698535 0.927508
0.963087 -0.240772 0.120386 1.64083
0.890871 0.445435 -0.0890871 0.819614
0.742781 0.557086 0.371391 0.769267
0.633724 -0.443607 0.633724 1.11621
0.768221 -0.384111 0.512148 1.37405
0.744845 0.662085 -0.0827606 1.25224
0.980581 -0.196116 0 2.02219
0.574367 -0.502571 0.646162 0.614642
0.744208 0.248069 0.620174 1.5111
0.196116 -0.980581 0 2.05251
0.843274 -0.105409 0.527046 1.88346
0.181818 -0.818182 0.545455 1.53848
0.130189 0.911322 0.390567 1.36683
0.196116 -0.980581 0 1.52573
0.762001 -0.127 0.635001 0.783917
0.980581 0.196116 0 2.13707
0.948683 0 0.316228 1.51229
0 0.759257 0.650791 1.44869
0.8 0 0.6 0.846327
0.894427 -0.268328 0.357771 1.89821
0.847998 0 0.529999 0.996192
0.843274 -0.105409 0.527046 1.13012
0.754829 0.646997 0.107833 0.617557
0.963087 -0.120386 0.240772 1.31434
0.818182 0.545455 0.181818 1.42173
0.530669 -0.379049 0.758098 1.18929
0.937043 0.312348 0.156174 2.32878
0.911685 -0.341882 0.227921 0.840701
0.766261 0.287348 0.574696 1.02407
0.768221 0.384111 0.512148 1.10565
0.553372 0.553372 0.622543 1.28273
0.874157 0.291386 0.388514 0.753641
0.709299 -0.315244 0.630488 1.36784
0.744208 0.248069 0.620174 1.56355
0.894427 -0.357771 0.268328 1.70194
0.443607 0.633724 0.633724 2.06528
0.633724 -0.443607 0.633724 0.934541
0.980581 0.196116 0 2.29715
0.880451 -0.440225 -0.17609 1.13474
0.963087 0.120386 0.240772 1.24164
0.953998 0.212 -0.212 1.66806
0.633724 -0.443607 0.633724 0.845505
0.9759 -0.09759 0.19518 0.687105
0.71247 0.284988 0.641223 1.01882
0.553372 -0.553372 0.622543 1.01422
0.674579 0.299813 0.674579 1.51835
0.633724 -0.443607 0.633724 0.982881
0.7396 0.1849 0.64715 1.06502
0.762001 -0.127 0.635001 0.884054
0.702247 -0.117041 0.702247 0.604997
0.64715 0.7396 0.1849 1.60098
0.980581 0 0.196116 1.06596
0.737865 0.421637 0.527046 0.503911
0.735215 -0.147043 0.661693 0.939173
0.450835 -0.631169 0.631169 1.46325
0.264906 0.927173 0.264906 0.969576
0.843274 0.105409 0.527046 1.37601
0.742781 -0.557086 0.371391 1.5916
0.248069 -0.744208 0.620174 0.848515
0.858116 -0.190693 0.476731 0.782733
0.843274 0.105409 0.527046 1.27404
0.857493 -0.514496 0 1.51061
0.980581 0.196116 0 0.563376
0.928477 0 0.371391 1.51908
0.766261 -0.287348 0.574696 1.52997
0.828517 -0.552345 0.0920575 0.743668
0.948683 0 0.316228 0.939795
0.735215 0.147043 0.661693 1.23992
0 0.780869 0.624695 1.12524
0.895533 0.199007 0.398015 0.886024
0.824163 -0.137361 0.549442 0.926635
0.443607 0.633724 0.633724 1.13763
0.762001 -0.127 0.635001 1.09242
0.919145 0 -0.393919 1.50136
0.824163 -0.137361 0.549442 2.54427
0.992278 0 -0.124035 1.64903
0.948683 0 0.316228 2.02308
0.633724 0.443607 0.633724 1.01237
0.948683 0 0.316228 1.44693
0.843274 -0.105409 0.527046 1.40106
0.843274 0.105409 0.527046 1.37959
0.973329 -0.162221 0.162221 0.939531
0.894427 0.357771 0.268328 1.70532
0.824163 0.137361 0.549442 1.22607
0.980581 -0.196116 0 0.896381
0.735215 0.51465 0.441129 1.02957
0.552345 -0.828517 0.0920575 1.24778
0.235702 0.942809 0.235702 1.43755
0.741249 0.0741249 0.667124 0.777089
0.824163 -0.137361 0.549442 1.51366
0.911685 -0.341882 -0.227921 2.24918
0.11547 -0.80829 0.57735 1.84463
0.744845 -0.0827606 0.662085 0.559758
0.963087 0.120386 0.240772 0.60293
0.980581 -0.196116 0 0.842972
0.980581 0.196116 0 1.07933
0.942809 -0.235702 0.235702 2.03719
0.661693 0.147043 0.735215 1.67636
0.824163 -0.137361 0.549442 0.693097
0.845154 0.169031 0.507093 0.818455
0.963087 -0.240772 0.120386 0.621716
0.843274 0.105409 0.527046 1.16015
0.762001 0.127 0.635001 1.92185
0.847998 0 0.529999 0.850532
0.874157 -0.291386 0.388514 1.36157
0.963087 0.240772 0.120386 1.41928
0.450835 -0.631169 0.631169 1.43566
