0.768221 0.384111 0.512148 2.14042
0.741999 0.212 0.635999 0.823747
0.874157 0.291386 0.388514 1.32227
0.742781 0.371391 0.557086 0.839242
0.633724 0.443607 0.633724 0.626885
0.894427 -0.268328 0.357771 1.25474
0.928477 0 0.371391 0.457663
0.741999 -0.212 0.635999 1.34447
0 -0.780869 0.624695 1.33289
0.980581 -0.196116 0 1.64877
0.502571 -0.574367 0.646162 1.17348
0.601317 0.601317 0.526152 1.0751
0.759257 0 0.650791 0.779038
0.912871 -0.365148 0.182574 2.3743
0.948683 0 0.316228 0.725045
0.766261 -0.287348 0.574696 0.886208
0.8 0 0.6 1.82788
0.744208 0.248069 0.620174 1.05748
0.80829 -0.11547 0.57735 1.02072
0.928477 0 0.371391 1.2152
0.768221 -0.384111 0.512148 1.31137
0.919145 0 -0.393919 2.20949
0.874157 -0.291386 0.388514 2.27499
0.254 0.889001 0.381 4.12013
0 0.980581 0.196116 1.9518
0.752577 0 0.658505 0.875048
0.737865 -0.421637 0.527046 1.47834
0.889001 0.254 0.381 1.95127
0.703526 0.100504 0.703526 0.753897
0.980581 -0.196116 0 2.17181
0.928477 0 0.371391 1.46896
0.963087 -0.240772 0.120386 1.40673
0.749269 0.0936586 0.65561 0.799571
0.254 0.889001 0.381 2.72849
0.7396 0.64715 0.1849 1.5575
0.762001 -0.127 0.635001 0.940896
-0.492366 -0.615457 0.615457 2.42639
0.824163 0.137361 0.549442 1.50261
0.724286 0.271607 0.63375 1.00709
0.854358 -0.512615 0.0854358 0.640093
0.948683 0 0.316228 1.58824
0.766261 0.574696 0.287348 1.48947
0.777482 -0.172774 0.604708 0.813071
0.963087 0.240772 0.120386 1.04067
0.754829 -0.646997 0.107833 2.22076
0.843274 -0.105409 0.527046 0.936649
0.824163 -0.137361 0.549442 1.6786
0.633724 0.443607 0.633724 2.05776
0.696733 -0.348367 0.62706 0.787003
0.889001 0.254 -0.381 2.33608
0.553372 -0.553372 0.622543 1.23205
0.196116 -0.980581 0 1.9156
0.768221 -0.384111 0.512148 0.731153
0.735215 -0.147043 0.661693 1.25522
0.8 0 0.6 1.85373
0.724286 -0.271607 0.63375 1.31282
0.737865 0.421637 0.527046 1.62639
0.963087 0.120386 0.240772 0.726926
0.919145 0 -0.393919 1.64052
0.744208 -0.248069 0.620174 1.01713
0.980581 0 0.196116 1.78171
0.912871 -0.365148 0.182574 0.891204
0.633724 0.443607 0.633724 1.18291
0.824163 -0.137361 0.549442 0.804944
0.674579 -0.299813 0.674579 0.767109
0.912871 -0.182574 0.365148 1.50222
0.553372 -0.553372 0.622543 1.26752
0.39036 -0.78072 0.48795 1.48261
0.744208 -0.248069 0.620174 1.46436
0.254 -0.889001 -0.381 0.803635
0.744208 -0.248069 0.620174 1.32376
0.843274 0.105409 0.527046 0.93989
0.291386 -0.874157 0.388514 2.10991
0.633724 0.443607 0.633724 2.06839
0.762001 -0.127 0.635001 0.778051
0.843274 0.105409 0.527046 0.960773
0.857493 0.514496 0 1.82488
0.744208 -0.248069 0.620174 1.43175
0.744845 -0.0827606 0.662085 0.747989
0.857143 -0.428571 0.285714 0.937576
-0.291386 -0.874157 0.388514 1.36548
0.911685 -0.341882 0.227921 1.16618
0.874157 -0.291386 0.388514 1.06131
0.8 0 0.6 1.36952
0.759257 0 0.650791 1.26167
0.843274 0.105409 0.527046 1.28783
0.737865 0.421637 0.527046 1.44175
0.768221 -0.384111 0.512148 1.16909
0.874157 0.291386 0.388514 1.19562
0.768221 0.384111 0.512148 0.907074
0.8 0 0.6 1.02968
0.813733 0 0.581238 0.984412
0.744208 -0.248069 0.620174 1.64197
0.742781 0.371391 0.557086 2.59467
0.874157 -0.291386 0.388514 1.72533
0.754829 0.646997 0.107833 1.44516
0.724286 -0.271607 0.63375 0.865619
0.771517 0.154303 0.617213 0.507355
0.919145 0 -0.393919 1.39884
0.889001 -0.254 0.381 1.67645
0.824163 -0.137361 0.549442 1.47996
0.883452 -0.331295 0.331295 2.1855
0.696733 -0.348367 0.62706 1.70911
0.745356 0.298142 0.596285 0.657424
0.698535 0.15523 0.698535 0.927508
0.963087 -0.240772 0.120386 1.64083
0.890871 0.445435 -0.0890871 0.819614
0.742781 0.557086 0.371391 0.769267
0.633724 -0.443607 0.633724 1.11621
0.768221 -0.384111 0.512148 1.37405
0.744845 0.662085 -0.0827606 1.25224
0.980581 -0.196116 0 2.02219
0.574367 -0.502571 0.646162 0.614642
0.744208 0.248069 0.620174 1.5111
0.196116 -0.980581 0 2.05251
0.843274 -0.105409 0.527046 1.88346
0.181818 -0.818182 0.545455 1.53848
0.130189 0.911322 0.390567 1.36683
0.196116 -0.980581 0 1.52573
0.762001 -0.127 0.635001 0.783917
0.980581 0.196116 0 2.13707
0.948683 0 0.316228 1.51229
0 0.759257 0.650791 1.44869
0.8 0 0.6 0.846327
0.894427 -0.268328 0.357771 1.89821
0.847998 0 0.529999 0.996192
0.843274 -0.105409 0.527046 1.13012
0.754829 0.646997 0.107833 0.617557
0.963087 -0.120386 0.240772 1.31434
0.818182 0.545455 0.181818 1.42173
0.530669 -0.379049 0.758098 1.18929
0.937043 0.312348 0.156174 2.32878
0.911685 -0.341882 0.227921 0.840701
0.766261 0.287348 0.574696 1.02407
0.768221 0.384111 0.512148 1.10565
0.553372 0.553372 0.622543 1.28273
0.874157 0.291386 0.388514 0.753641
0.709299 -0.315244 0.630488 1.36784
0.744208 0.248069 0.620174 1.56355
0.894427 -0.357771 0.268328 1.70194
0.443607 0.633724 0.633724 2.06528
0.633724 -0.443607 0.633724 0.934541
0.980581 0.196116 0 2.29715
0.880451 -0.440225 -0.17609 1.13474
0.963087 0.120386 0.240772 1.24164
0.953998 0.212 -0.212 1.66806
0.633724 -0.443607 0.633724 0.845505
0.9759 -0.09759 0.19518 0.687105
0.71247 0.284988 0.641223 1.01882
0.553372 -0.553372 0.622543 1.01422
0.674579 0.299813 0.674579 1.51835
0.633724 -0.443607 0.633724 0.982881
0.7396 0.1849 0.64715 1.06502
0.762001 -0.127 0.635001 0.884054
0.702247 -0.117041 0.702247 0.604997
0.64715 0.7396 0.1849 1.60098
0.980581 0 0.196116 1.06596
0.737865 0.421637 0.527046 0.503911
0.735215 -0.147043 0.661693 0.939173
0.450835 -0.631169 0.631169 1.46325
0.264906 0.927173 0.264906 0.969576
0.843274 0.105409 0.527046 1.37601
0.742781 -0.557086 0.371391 1.5916
0.248069 -0.744208 0.620174 0.848515
0.858116 -0.190693 0.476731 0.782733
0.843274 0.105409 0.527046 1.27404
0.857493 -0.514496 0 1.51061
0.980581 0.196116 0 0.563376
0.928477 0 0.371391 1.51908
0.766261 -0.287348 0.574696 1.52997
0.828517 -0.552345 0.0920575 0.743668
0.948683 0 0.316228 0.939795
0.735215 0.147043 0.661693 1.23992
0 0.780869 0.624695 1.12524
0.895533 0.199007 0.398015 0.886024
0.824163 -0.137361 0.549442 0.926635
0.443607 0.633724 0.633724 1.13763
0.762001 -0.127 0.635001 1.09242
0.919145 0 -0.393919 1.50136
0.824163 -0.137361 0.549442 2.54427
0.992278 0 -0.124035 1.64903
0.948683 0 0.316228 2.02308
0.633724 0.443607 0.633724 1.01237
0.948683 0 0.316228 1.44693
0.843274 -0.105409 0.527046 1.40106
0.843274 0.105409 0.527046 1.37959
0.973329 -0.162221 0.162221 0.939531
0.894427 0.357771 0.268328 1.70532
0.824163 0.137361 0.549442 1.22607
0.980581 -0.196116 0 0.896381
0.735215 0.51465 0.441129 1.02957
0.552345 -0.828517 0.0920575 1.24778
0.235702 0.942809 0.235702 1.43755
0.741249 0.0741249 0.667124 0.777089
0.824163 -0.137361 0.549442 1.51366
0.911685 -0.341882 -0.227921 2.24918
0.11547 -0.80829 0.57735 1.84463
0.744845 -0.0827606 0.662085 0.559758
0.963087 0.120386 0.240772 0.60293
0.980581 -0.196116 0 0.842972
0.980581 0.196116 0 1.07933
0.942809 -0.235702 0.235702 2.03719
0.661693 0.147043 0.735215 1.67636
0.824163 -0.137361 0.549442 0.693097
0.845154 0.169031 0.507093 0.818455
0.963087 -0.240772 0.120386 0.621716
0.843274 0.105409 0.527046 1.16015
0.762001 0.127 0.635001 1.92185
0.847998 0 0.529999 0.850532
0.874157 -0.291386 0.388514 1.36157
0.963087 0.240772 0.120386 1.41928
0.450835 -0.631169 0.631169 1.43566
-0.196116 -0.980581 0 1.8689
0.752577 0 0.658505 1.20131
0.963087 0.240772 0.120386 1.02288
0.919145 0 -0.393919 1.70478
0.762001 0.127 0.635001 0.785594
0.7396 0.1849 0.64715 0.703062
0.842152 -0.336861 0.421076 1.17822
0.894427 -0.357771 0.268328 0.67268
0.371391 0.742781 0.557086 1.21416
0.744845 0.579324 -0.331042 0.916469
0.963087 -0.240772 0.120386 1.13432
0.735215 -0.51465 0.441129 1.29462
0.843274 0.105409 0.527046 1.32378
0.601317 -0.601317 0.526152 1.69046
0.762001 -0.127 0.635001 1.04523
0.792594 0.226455 0.566139 0.72178
0.553372 -0.553372 0.622543 0.943597
0.404226 -0.646762 0.646762 1.32895
0.674579 -0.299813 0.674579 1.879
0.980581 0 0.196116 1.23708
0.638877 -0.511101 0.574989 0.479794
0.766261 -0.287348 0.574696 1.15726
0.948683 0 0.316228 2.22524
0.51465 0.441129 0.735215 0.7052
0.619586 -0.4819 0.619586 1.41603
0.633724 -0.443607 0.633724 1.08565
0.196116 -0.980581 0 0.801835
0.789352 0 0.613941 0.653063
0.980581 0.196116 0 2.17794
0.742781 -0.371391 0.557086 1.42891
0.811107 0.324443 0.486664 0.845499
0.633724 0.443607 0.633724 1.26587
0.818182 0.181818 0.545455 1.17598
0.995037 -0.0995037 0 1.18605
0.759257 0 0.650791 0.648667
0.874157 0.291386 0.388514 1.1786
0.601317 0.601317 0.526152 0.877381
0.633724 -0.443607 0.633724 0.992389
0.762001 -0.127 0.635001 1.02847
0.843274 0.105409 0.527046 0.608828
0.492366 -0.615457 0.615457 1.82919
0.993884 0 -0.110432 0.928099
0.658145 0.365636 0.658145 0.474995
0.858116 -0.190693 0.476731 1.34083
0.741249 0.0741249 0.667124 1.30879
0.137361 0.824163 0.549442 0.972407
0.948683 0 0.316228 0.468008
0.928477 0 0.371391 0.722324
0.744845 0.0827606 0.662085 1.11553
0.858116 -0.190693 0.476731 1.35947
0.709299 -0.315244 0.630488 1.60568
0.8 0 0.6 0.88703
0.744208 0.248069 0.620174 0.594415
0.980581 -0.196116 0 1.89159
0.744208 -0.248069 0.620174 0.475244
0.443607 0.633724 0.633724 1.43946
0.742781 0.557086 0.371391 1.38135
0.744208 -0.248069 0.620174 0.674075
0.742781 -0.557086 0.371391 1.79031
0.843274 0.105409 0.527046 0.86056
0.744208 -0.248069 0.620174 1.41799
0.870063 -0.0966736 0.483368 1.0409
0.789352 0 0.613941 0.986582
0.928477 0 0.371391 1.00393
0.870063 -0.0966736 0.483368 0.76332
0.894427 0.357771 -0.268328 2.68059
0.980581 -0.196116 0 1.35824
0.742781 -0.557086 0.371391 1.32799
0.789352 0 0.613941 0.913018
0.980581 -0.196116 0 2.13703
0.963087 -0.240772 0.120386 0.683562
0.744208 0.248069 0.620174 1.27888
0.963087 0.120386 0.240772 1.63711
0.928477 0 0.371391 1.48933
0.980581 0 0.196116 0.357409
0.86164 0.123091 0.492366 0.963299
0.658145 -0.365636 0.658145 0.601365
0.742781 -0.557086 0.371391 3.06202
0.574696 0.766261 -0.287348 0.818732
0.615457 0.492366 0.615457 0.975147
0.574367 0.502571 0.646162 0.987141
0.843274 0.105409 0.527046 1.31225
0.633724 0.443607 0.633724 0.865754
-0.447214 0.894427 0 1.79444
0.855186 0.366508 0.366508 0.873738
0.995037 0.0995037 0 0.924928
0.874157 -0.291386 0.388514 1.1526
0.507093 -0.845154 0.169031 1.45444
0.948683 0 0.316228 0.746441
0.863868 -0.259161 0.431934 1.86833
0.737865 -0.421637 0.527046 1.09227
0.633724 0.443607 0.633724 2.86513
0.824163 -0.137361 0.549442 0.98566
0.76835 0.548821 0.329293 2.37739
0.980196 0.140028 -0.140028 0.763741
-0.291386 0.874157 0.388514 1.54765
0.888889 0.111111 0.444444 1.06965
0.894427 -0.357771 0.268328 0.791918
0.768221 0.384111 0.512148 0.836871
0.348367 0.696733 0.62706 0.499947
-0.843274 -0.105409 0.527046 2.02509
0.443607 0.633724 0.633724 0.553818
0.912871 0.182574 0.365148 1.21556
0.655386 -0.491539 0.573462 0.796489
0.894427 -0.268328 0.357771 2.20747
0.596285 -0.298142 0.745356 0.974472
0.768221 0.384111 0.512148 0.972111
0.421637 0.737865 0.527046 1.01146
0.948683 0 0.316228 1.12009
0.445976 -0.668965 0.594635 0.543986
0.724286 -0.271607 0.63375 0.618744
0.744208 -0.248069 0.620174 1.42176
0.874157 -0.291386 0.388514 1.38604
0.843274 -0.105409 0.527046 2.68824
0.9759 0.09759 0.19518 1.23767
0.633724 0.443607 0.633724 1.21126
0.912871 -0.182574 0.365148 2.49667
0.754829 -0.646997 0.107833 1.80433
0.766261 0.287348 0.574696 1.24232
0.824163 -0.137361 0.549442 1.86943
0.973329 0.162221 0.162221 1.79772
0.980581 0.196116 0 0.695798
0.633724 0.443607 0.633724 1.14113
0.80829 -0.11547 0.57735 1.15952
0.741249 -0.0741249 0.667124 0.486792
0.766261 -0.574696 0.287348 1.14767
0.8 0 0.6 1.33589
0.683486 0.256307 0.683486 0.664471
0.919145 0 -0.393919 1.81562
0.742781 0.371391 0.557086 0.729308
0.581914 -0.363696 0.727393 0.45501
0.963087 0.120386 0.240772 1.86433
0.741249 0.0741249 0.667124 1.03024
0.443607 0.633724 0.633724 1.46801
0.9245 0.3698 0.09245 1.02586
0.742781 0.371391 0.557086 2.55761
0.633724 -0.443607 0.633724 1.32569
0.919145 0 -0.393919 0.766453
0.8 0 0.6 1.33228
0.741999 0.635999 -0.212 1.17696
0.894427 -0.268328 0.357771 1.15598
0.845154 -0.507093 0.169031 1.28282
-0.240772 -0.842701 0.481543 2.99306
0.858116 0.190693 0.476731 1.37266
0.919145 0 -0.393919 2.66108
0.919145 0 -0.393919 2.3082
0.86164 0.123091 0.492366 1.45977
0.963087 0.240772 0.120386 0.904234
0.741249 -0.0741249 0.667124 1.32233
0.742781 0.557086 0.371391 1.16152
0.843274 0.105409 0.527046 1.4775
-0.218218 0.436436 0.872872 0.680039
0.619586 0.4819 0.619586 1.76867
0.889001 0.254 -0.381 0.868304
0.254 -0.889001 0.381 2.31391
0.742781 -0.371391 0.557086 1.37961
0.357771 0.894427 0.268328 1.82882
0.8 0 0.6 1.27911
0.963087 0.120386 0.240772 1.29289
0.928477 0 0.371391 0.906661
0.507673 -0.609208 0.609208 2.76901
0.9245 -0.09245 0.3698 0.848663
0.995037 0 0.0995037 2.87672
0.724286 -0.271607 0.63375 0.365873
0.51465 0.441129 0.735215 0.478643
0.843274 -0.105409 0.527046 1.29428
0.744208 0.248069 0.620174 0.777727
0.894427 0.357771 -0.268328 1.08106
0.8 0 0.6 1.01519
0.889001 -0.254 0.381 1.86971
0.754829 -0.646997 -0.107833 2.90243
0.768221 0.384111 0.512148 1.08579
0.633724 -0.443607 0.633724 1.44533
0.889001 -0.254 -0.381 2.04151
0.744208 0.248069 0.620174 0.930756
0.248069 -0.744208 0.620174 1.45795
0.762001 -0.127 0.635001 1.30801
0.744845 0.331042 0.579324 0.965225
0.744208 -0.248069 0.620174 1.02162
0.963087 0.120386 0.240772 0.807865
0.529813 -0.529813 0.662266 0.521487
0.980581 0.196116 0 2.38392
0.889001 -0.254 -0.381 1.76168
0.995037 0.0995037 0 1.17972
0.633724 -0.443607 0.633724 2.24145
0.619586 0.4819 0.619586 1.89602
0.919145 0 -0.393919 1.12301
0.780869 0 0.624695 0.773036
0.442326 0.884652 -0.147442 1.26466
0.843274 0.105409 0.527046 0.873878
0.777482 -0.172774 0.604708 0.556149
0.843274 -0.105409 0.527046 0.72113
0.928477 0 0.371391 1.41101
0.843274 -0.105409 0.527046 1.4585
0.741249 0.0741249 0.667124 0.82663
0.995037 -0.0995037 0 1.45025
0.744845 -0.0827606 0.662085 1.36516
0.658145 -0.365636 0.658145 0.507209
0.824163 0.137361 0.549442 1.41131
0.919145 0 -0.393919 1.48792
0.461566 0.593442 0.65938 0.857358
0.646762 0.404226 0.646762 0.256518
0.8 0 0.6 0.990333
0.874157 -0.291386 0.388514 1.22423
0.829561 -0.518476 0.20739 1.33308
0.948683 0 0.316228 0.543432
0.919145 0 -0.393919 1.06755
0.428571 -0.857143 0.285714 0.81135
0.768221 0.384111 0.512148 1.3379
0.963087 -0.240772 0.120386 1.41862
0.633724 0.443607 0.633724 0.740037
0.874157 -0.291386 0.388514 1.56423
0.254 0.889001 0.381 1.94524
0.443607 0.633724 0.633724 1.32284
0.963087 -0.240772 0.120386 1.1874
0.468521 -0.624695 0.624695 1.58218
0.553372 0.553372 0.622543 1.43966
0.995037 -0.0995037 0 2.5073
0.299813 -0.674579 0.674579 0.853384
0.735215 -0.147043 0.661693 0.794477
0.995037 -0.0995037 0 1.61632
0.404226 -0.646762 0.646762 0.970149
0.666667 0.333333 0.666667 0.798417
0.507673 0.609208 0.609208 1.01165
0.76337 0.254457 0.593732 0.958662
0.7396 -0.1849 0.64715 0.815492
0.667124 0.0741249 0.741249 0.758034
0.86164 0.123091 0.492366 0.811042
0.829561 -0.20739 0.518476 0.789129
0.911685 0.341882 0.227921 2.36819
-0.388514 0.291386 0.874157 1.1855
0.995037 -0.0995037 0 1.05989
0.633724 0.443607 0.633724 1.25557
0.742781 -0.371391 0.557086 2.50422
0.963087 -0.120386 0.240772 0.97609
0.690268 0.383482 0.613572 1.06042
0.948683 0 0.316228 2.2542
0.742781 -0.557086 0.371391 0.91472
0.911685 -0.341882 0.227921 0.768181
0.744208 -0.248069 0.620174 1.29923
0.744208 0.248069 0.620174 0.787609
0.80829 0.11547 0.57735 0.715336
0.744845 -0.331042 0.579324 1.19651
0.741999 -0.212 0.635999 0.929751
0.894427 -0.357771 0.268328 1.48303
0.744208 -0.248069 0.620174 1.91071
0.762001 0.127 0.635001 1.56299
0.824163 0.137361 0.549442 0.947178
0.549972 -0.628539 0.549972 1.0293
0.889001 0.254 -0.381 2.2803
0.870063 -0.0966736 0.483368 0.570443
0.64715 0.7396 0.1849 1.0155
0.948683 0 0.316228 1.33941
0.615457 0.492366 0.615457 1.54757
0.744208 0.248069 0.620174 1.05352
0.995037 -0.0995037 0 2.14873
0.633724 0.443607 0.633724 0.64475
0.768221 -0.384111 0.512148 2.05704
0.735215 0.147043 0.661693 1.62375
0.646762 -0.404226 0.646762 0.650974
0.889001 0.254 0.381 2.24173
0.948683 0 0.316228 0.844253
0.824163 -0.137361 0.549442 1.73579
0.894427 0.268328 0.357771 1.96535
0.291386 -0.874157 0.388514 2.48896
0.735215 0.147043 0.661693 0.780582
0.443607 0.633724 0.633724 1.44717
0.980581 -0.196116 0 2.04254
0.744208 0.248069 0.620174 1.38489
0.768221 -0.384111 0.512148 1.31511
0.507093 -0.845154 0.169031 1.65964
0.762001 -0.127 0.635001 0.82654
0.843274 -0.105409 0.527046 0.771212
0.704934 -0.078326 0.704934 0.483417
0.735215 -0.147043 0.661693 2.00684
0.65938 -0.461566 0.593442 1.87505
0.824163 -0.137361 0.549442 1.86381
0.742781 -0.557086 0.371391 0.644156
0.724286 -0.271607 0.63375 0.788101
0.857143 -0.285714 -0.428571 1.12061
0.768221 -0.384111 0.512148 1.14635
0.744208 -0.248069 0.620174 1.54295
0.735215 0.147043 0.661693 1.18295
0.843274 -0.105409 0.527046 0.662789
0.789352 0 0.613941 1.10265
0.291386 -0.874157 0.388514 1.96953
0.912871 0.365148 0.182574 1.02439
0.843274 0.105409 0.527046 1.15067
0.735215 0.147043 0.661693 1.48261
0.762001 0.127 0.635001 1.05686
0.428571 -0.857143 0.285714 2.69552
0.737865 -0.421637 0.527046 1.49987
0.365636 0.658145 0.658145 1.36667
0.744208 -0.248069 0.620174 1.01266
0.737865 -0.421637 0.527046 1.36561
0.843274 -0.105409 0.527046 1.28856
0.919145 0 -0.393919 2.80225
0.742781 -0.557086 0.371391 0.902832
0.961524 0 0.274721 0.427942
0.980581 0.196116 0 1.70037
0.843274 -0.105409 0.527046 1.31488
0.928477 0 0.371391 0.69423
0.633724 0.443607 0.633724 1.21488
0.744845 0.0827606 0.662085 0.630099
0.824163 0.137361 0.549442 1.09729
0.553372 0.553372 0.622543 1.13331
0.980581 0.196116 0 1.51786
0.545455 -0.636364 0.545455 0.702566
0.980581 0.196116 0 2.00584
0.598671 0.532152 0.598671 0.560988
0.529813 -0.529813 0.662266 0.542538
0.980581 0.196116 0 1.40006
0.762001 0.127 0.635001 0.947376
0.601317 -0.601317 0.526152 1.54077
0.744208 -0.248069 0.620174 1.17604
0.741249 0.0741249 0.667124 0.712639
0.744208 0.248069 0.620174 0.857908
0.894427 0.268328 0.357771 1.14652
-0.762001 -0.127 0.635001 1.47434
0.768221 0.384111 0.512148 1.38095
0.105409 0.843274 0.527046 1.52769
0.8 0 0.6 0.83129
0.742781 0.371391 0.557086 2.55208
0.80829 0.11547 0.57735 1.46823
0.986394 0 0.164399 1.4435
0.995037 0.0995037 0 1.25273
0.724286 0.271607 0.63375 1.07369
0.291386 -0.874157 0.388514 0.929863
0.741999 -0.212 0.635999 1.15785
0.615457 -0.492366 0.615457 0.921271
0.596285 -0.298142 0.745356 1.34615
0.646762 -0.404226 0.646762 1.53313
0.843274 -0.105409 0.527046 0.989898
0.744208 -0.248069 0.620174 1.12483
0.615457 -0.492366 0.615457 1.24848
0.762001 0.127 0.635001 1.22782
0.843274 0.105409 0.527046 0.356748
0.762001 -0.127 0.635001 0.645303
0.735215 0.51465 0.441129 1.3522
0.76337 -0.254457 0.593732 2.25647
0.890871 -0.445435 0.0890871 2.14042
0.755263 0.419591 0.503509 0.743407
0.724286 0.271607 0.63375 1.12633
0.744845 0.331042 0.579324 0.973227
0.744208 -0.248069 0.620174 1.05233
0.574367 0.502571 0.646162 0.852937
0 0.759257 0.650791 1.27063
0.80829 0.11547 0.57735 1.27076
0.839254 0.279751 0.466252 1.29748
0.86164 0.123091 0.492366 0.51788
0.768221 -0.384111 0.512148 2.00068
0.824163 0.137361 0.549442 0.89201
0.928477 0 0.371391 1.29937
0.843274 -0.105409 0.527046 1.33084
0.762001 0.127 0.635001 1.16189
0.847998 0 0.529999 1.95591
0.843274 -0.105409 0.527046 0.896457
0.744845 0.0827606 0.662085 0.853663
0.744208 0.248069 0.620174 1.13629
0.737865 0.421637 0.527046 0.785889
0.615457 -0.492366 0.615457 1.10835
0.928477 0 0.371391 0.665295
0.744208 -0.248069 0.620174 0.875149
0.762001 -0.127 0.635001 0.820024
0.725241 -0.241747 0.644658 0.899516
0.759257 0 0.650791 1.51475
0.762001 0.127 0.635001 1.33213
0.633724 0.443607 0.633724 1.06565
0.744208 -0.248069 0.620174 0.655487
0.986394 0 0.164399 0.273061
0.995037 0 0.0995037 0.891359
0.980581 -0.196116 0 1.07947
0.742781 -0.557086 0.371391 3.00939
0.384111 0.768221 0.512148 0.532061
0 0 1 1.17494
0.196116 0.980581 0 1.75724
0.980581 -0.196116 0 1.43371
0.980581 0.196116 0 1.74748
0.845154 -0.507093 0.169031 1.59408
0.762001 -0.127 0.635001 1.04445
0.556022 0.556022 0.617802 1.22543
0.919145 0 -0.393919 1.05447
0.742781 0.371391 0.557086 0.630897
0.995037 -0.0995037 0 0.997056
0.768221 -0.384111 0.512148 0.968243
0.919145 0 -0.393919 2.49961
0.824163 0.137361 0.549442 0.976865
0.744845 -0.331042 0.579324 0.847259
0.633724 -0.443607 0.633724 0.609869
0.911685 -0.341882 0.227921 1.17192
0.980581 0.196116 0 2.23654
0.963087 -0.240772 0.120386 1.27244
0.963087 -0.120386 0.240772 0.587705
0.986394 0 0.164399 1.26895
0.973329 0.162221 -0.162221 1.12142
0.658145 0.365636 0.658145 1.11192
0.742781 -0.557086 0.371391 1.35188
0.895533 0.199007 0.398015 0.693762
0.598671 0.598671 0.532152 0.971396
0.992278 0 -0.124035 1.46521
0.843274 0.105409 0.527046 1.08939
0.529813 -0.529813 0.662266 1.21914
0.895533 0.199007 0.398015 1.14141
0.986394 0 0.164399 1.73645
0.912871 0.365148 -0.182574 1.60847
0.633724 0.443607 0.633724 1.74281
0.390567 -0.650945 0.650945 1.07773
0.762001 -0.127 0.635001 1.11137
0.778499 -0.0778499 0.622799 1.03889
0.894427 0.357771 0.268328 1.20512
0.768221 0.640184 0 1.50998
0.80829 -0.11547 0.57735 0.647824
0.742781 0.557086 0.371391 1.70299
0.889001 0.254 -0.381 1.33559
0.601317 0.601317 0.526152 1.78251
0.874157 -0.291386 0.388514 1.07716
0.762001 -0.127 0.635001 1.42206
0.557086 0.742781 0.371391 2.12137
0.80829 0.11547 0.57735 0.653783
-0.254 -0.889001 0.381 2.28595
0.929981 -0.116248 0.348743 0.845134
0.824163 0.137361 0.549442 1.58082
0.443607 0.633724 0.633724 3.22672
0.843274 0.105409 0.527046 1.13324
0.843274 -0.105409 0.527046 1.03415
0.952579 0.136083 0.272166 1.30712
0.995037 0.0995037 0 2.06112
0.870388 0.348155 0.348155 0.797377
0.744208 0.248069 0.620174 1.89567
0.80829 0.11547 0.57735 0.90344
0.919145 0 -0.393919 2.13791
0.86164 0.123091 0.492366 0.985102
0.137361 0.824163 0.549442 0.788748
0.762001 -0.127 0.635001 1.37436
0.948683 0 0.316228 2.39839
-0.553372 -0.553372 0.622543 1.63935
0.557086 0.742781 0.371391 2.47817
0.912871 -0.182574 0.365148 1.74828
0.709299 0.315244 0.630488 1.50002
0.762001 -0.127 0.635001 0.716763
0.744845 -0.0827606 0.662085 0.93464
0.980581 -0.196116 0 0.626866
0.291386 0.874157 0.388514 1.2037
0.818182 -0.181818 0.545455 0.837254
0.824163 0.137361 0.549442 2.24541
0.742781 0.371391 0.557086 0.937703
0.507093 -0.845154 0.169031 2.05765
0.443607 0.633724 0.633724 1.22672
0.443607 0.633724 0.633724 1.42602
0.4819 -0.619586 0.619586 1.29302
0.980581 0.196116 0 0.977036
0.741999 0.212 0.635999 1.34452
0.737865 0.421637 0.527046 1.30065
0.8 0 0.6 1.38224
0.615457 -0.492366 0.615457 1.61972
0.942809 0.235702 0.235702 0.742784
0.615457 -0.492366 0.615457 1.05186
0.299813 0.674579 0.674579 1.97513
0.762001 0.127 0.635001 0.570941
0.995037 0.0995037 0 1.54292
0.843274 0.105409 0.527046 1.55965
0.992278 0 -0.124035 1.48639
0.995037 0.0995037 0 0.93422
0.824163 0.137361 0.549442 0.940157
0.843274 0.105409 0.527046 1.07362
0.631169 -0.450835 0.631169 2.36493
0.980581 -0.196116 0 1.10883
0.744208 0.248069 0.620174 1.01113
0.889001 0.254 0.381 1.29256
0.735215 0.147043 0.661693 1.61856
0.980581 -0.196116 0 1.36787
0.980581 -0.196116 0 0.693085
0.661693 -0.147043 0.735215 0.73506
0.973329 0.162221 -0.162221 1.66202
0.986394 -0.164399 0 0.886016
0.633724 -0.443607 0.633724 1.05901
0.529813 0.529813 0.662266 0.472629
0.953998 0.212 -0.212 2.22676
0.574367 0.502571 0.646162 0.538251
0.895533 -0.199007 0.398015 1.19731
0.254 0.889001 0.381 1.87288
0.76835 0.548821 0.329293 1.4056
0.768221 -0.384111 0.512148 1.39994
0.601317 0.601317 0.526152 1.05998
0.847998 0 0.529999 0.943919
0.615457 0.615457 0.492366 1.6399
0.976187 0 0.21693 2.05863
0.615457 -0.615457 0.492366 1.83187
0.601317 0.601317 0.526152 1.61114
0.735215 0.147043 0.661693 1.51395
0.735215 0.147043 0.661693 0.92268
0.824163 0.137361 0.549442 1.06686
0.215666 -0.970495 0.107833 1.33946
0.608229 0.760286 -0.228086 2.04443
0.441129 -0.51465 0.735215 1.22334
0.778499 0.0778499 0.622799 0.831779
0.942809 -0.235702 -0.235702 1.50395
0.483368 0.0966736 0.870063 0.961701
0.254 -0.889001 0.381 0.938666
0.744208 -0.248069 0.620174 0.779594
0.980196 -0.140028 0.140028 1.22157
0.291386 -0.874157 0.388514 1.95484
0.948683 0 0.316228 2.3532
0.674579 0.299813 0.674579 1.36238
0.952579 -0.136083 0.272166 1.18757
0.980581 0.196116 0 1.32581
0.291386 -0.874157 0.388514 1.36605
0.980581 0 0.196116 1.49393
0.874157 -0.291386 0.388514 1.20876
0.80829 0.11547 0.57735 1.48807
0.957826 0 0.287348 1.89412
0.963087 -0.240772 0.120386 1.66489
0.709299 0.315244 0.630488 1.86352
0.742781 0.371391 0.557086 1.64268
0.762001 0.127 0.635001 1.29039
0.894427 0.447214 0 0.334484
0.745356 -0.298142 0.596285 0.847653
0.766261 -0.287348 0.574696 0.733858
0.196116 -0.980581 0 2.03511
0.980581 -0.196116 0 1.35711
0.80829 -0.11547 0.57735 1.44421
0.646762 0.404226 0.646762 1.31716
0.894427 -0.357771 0.268328 0.384631
0.744208 0.248069 0.620174 1.06396
0.828517 -0.552345 0.0920575 1.18664
0.843274 -0.105409 0.527046 0.794774
1 0 0 1.7316
0.574367 -0.502571 0.646162 0.574776
0.633724 0.443607 0.633724 1.61722
0.661693 0.147043 0.735215 0.743398
0.8 0 0.6 1.19048
0.963087 -0.240772 0.120386 0.99085
-0.254 0.889001 0.381 3.01975
0.912871 0.182574 0.365148 0.44296
0.742781 0.371391 0.557086 1.54666
0.742781 0.371391 0.557086 2.58792
0.742781 0.371391 0.557086 1.29595
-0.248069 -0.744208 0.620174 1.55013
0.957826 0 0.287348 0.921896
0.744208 0.248069 0.620174 1.13222
0.254 0.889001 0.381 1.51376
0 -0.919145 0.393919 1.49404
0.843274 -0.105409 0.527046 1.06226
0.980581 0.196116 0 2.22695
0.196116 -0.980581 0 1.792
0.847998 0 0.529999 0.889689
0.894427 -0.268328 0.357771 1.07356
0.574989 0.511101 0.638877 0.884601
0.928477 0 0.371391 1.42939
0.824163 -0.137361 0.549442 1.31738
0.890871 0.445435 0.0890871 1.77349
0.963087 -0.240772 0.120386 1.08116
0.744208 -0.248069 0.620174 0.815862
0.843274 0.105409 0.527046 1.42168
0.843274 0.105409 0.527046 0.829102
0.973329 -0.162221 -0.162221 2.65075
0.963087 0.120386 0.240772 1.30418
0.889001 0.254 0.381 1.80144
0.744208 0.248069 0.620174 0.434049
0.948683 0 0.316228 1.33256
0.986394 0 0.164399 1.23899
0.818182 -0.181818 0.545455 1.2588
0.735215 -0.147043 0.661693 1.11431
0.737865 -0.421637 0.527046 1.03696
0.744208 0.248069 0.620174 0.552652
0.76835 -0.548821 0.329293 1.17876
0.9245 0.3698 -0.09245 1.08675
0.766261 0.287348 0.574696 0.808979
0.889001 -0.254 0.381 1.90053
0.980581 0.196116 0 1.06037
0.845154 0.507093 0.169031 1.07736
0.741249 0.0741249 0.667124 0.686173
0.963087 -0.240772 0.120386 1.09425
0.843274 -0.105409 0.527046 0.67291
0.780869 0 0.624695 1.16385
0.762001 -0.127 0.635001 1.25992
0.744845 0.579324 -0.331042 0.372517
0.735215 -0.51465 0.441129 1.45106
0.942809 0.235702 -0.235702 0.529936
0.553372 -0.553372 0.622543 0.897263
0.735215 0.51465 0.441129 1.96746
0 0.124035 0.992278 1.69104
0.928477 0 0.371391 2.01271
0.744208 0.248069 0.620174 0.706693
0.4819 -0.619586 0.619586 0.969346
0.766261 -0.287348 0.574696 1.0331
0.9245 0.09245 0.3698 1.22184
0.824163 0.137361 0.549442 1.46803
0.888889 0.111111 0.444444 0.648154
0.980581 0.196116 0 1.19173
-0.196116 0.980581 0 1.70008
0.768221 0.384111 0.512148 0.951546
0.980581 0.196116 0 1.19922
0.768221 0.640184 0 1.08787
0.443607 0.633724 0.633724 1.16697
0.928477 0 0.371391 1.07409
0.744845 -0.0827606 0.662085 0.659011
0.744208 -0.248069 0.620174 0.514207
0.948683 0 0.316228 1.08691
0.912871 -0.182574 0.365148 1.54446
0.963087 -0.120386 0.240772 0.747406
0.762001 0.127 0.635001 1.4089
0.894427 0.268328 0.357771 1.62962
0.633724 0.443607 0.633724 1.599
0.741999 0.212 0.635999 0.832766
0.948683 0 0.316228 1.08718
0.636364 -0.545455 0.545455 0.905254
0.724286 0.271607 0.63375 0.643773
0.980581 0.196116 0 1.28846
0.980581 -0.196116 0 1.23665
0.919145 0 -0.393919 2.01476
0.980581 -0.196116 0 2.71899
0.744208 -0.248069 0.620174 2.07435
0.828517 -0.552345 0.0920575 1.95189
0.737865 0.527046 0.421637 1.25797
0.80829 0.11547 0.57735 0.943139
0.742781 0.371391 0.557086 1.96556
0.912871 -0.365148 0.182574 1.6621
0.752577 0 0.658505 0.574404
0.644658 -0.725241 0.241747 0.44657
0.874157 -0.291386 0.388514 0.902774
0.744845 -0.579324 -0.331042 1.13537
0.890871 -0.445435 0.0890871 1.02049
0.919145 0 0.393919 2.00449
-0.889001 0.254 -0.381 1.91501
0.744845 0.331042 0.579324 0.620851
0.9245 -0.3698 -0.09245 1.84738
0.759257 0 0.650791 1.21122
0.980581 -0.196116 0 2.07595
0.9245 -0.09245 0.3698 0.792235
0.744208 -0.248069 0.620174 1.52833
0.633724 -0.443607 0.633724 1.48656
0.725476 -0.217643 0.652929 0.724976
0.737865 -0.421637 0.527046 1.0283
0.744208 -0.248069 0.620174 1.62053
0.628539 -0.549972 0.549972 0.831369
0.8 0 0.6 1.59769
0.811107 0.324443 0.486664 0.899219
0.894427 0.268328 0.357771 0.404367
0.744208 0.248069 0.620174 1.0058
0.724286 0.271607 0.63375 0.465627
0.8 0 0.6 1.1804
0.995037 0 0.0995037 1.06043
0.724286 -0.271607 0.63375 1.33928
0.843274 -0.105409 0.527046 0.945272
0.919145 0 -0.393919 1.67073
0.633724 0.443607 0.633724 1.14001
0.633724 -0.443607 0.633724 0.974266
0.762001 0.127 0.635001 1.54588
0.843274 0.105409 0.527046 1.75769
0.633724 -0.443607 0.633724 0.693125
0.874157 0.291386 -0.388514 2.24571
0.843274 0.105409 0.527046 1.10464
0.824163 0.137361 0.549442 0.966681
0.973329 0.162221 0.162221 1.92234
0.741999 0.212 0.635999 1.38677
0.980581 0.196116 0 1.72694
0.744208 0.248069 0.620174 1.89553
0.633724 0.443607 0.633724 2.77359
0.839254 0.279751 0.466252 1.22205
0.759257 0 0.650791 0.375816
0.8 0 0.6 1.56963
0.948683 0 0.316228 2.41784
0.80829 0.11547 0.57735 1.22581
0.808122 -0.303046 0.505076 0.850583
0.762001 -0.127 0.635001 0.416828
0.766261 0.574696 -0.287348 2.47243
0.615457 -0.615457 0.492366 2.32022
0.980581 -0.196116 0 0.824141
0.744208 -0.248069 0.620174 1.25681
0.737865 0.421637 0.527046 0.947734
0.948683 0 0.316228 0.731726
0.963087 -0.240772 0.120386 2.39991
0.889001 -0.254 -0.381 1.94083
0.948683 0 0.316228 0.942089
0.80829 -0.11547 0.57735 1.95461
0.992278 0 0.124035 1.0265
0.766261 0.287348 0.574696 1.25932
0.824163 -0.137361 0.549442 1.151
0.843274 0.105409 0.527046 1.04942
0.443607 0.633724 0.633724 0.803878
0.919145 0 -0.393919 1.36895
0.80829 -0.11547 0.57735 0.707412
0.766261 -0.287348 0.574696 1.34584
0.889001 0.254 -0.381 1.41
0.995037 0.0995037 0 1.97149
0.857143 0.428571 0.285714 1.692
0.824163 -0.137361 0.549442 0.819029
0.633724 -0.443607 0.633724 1.79086
0.628539 0.549972 0.549972 1.41739
0.40161 -0.722897 0.562254 1.66858
0.872872 -0.218218 0.436436 0.828553
0.889001 0.254 0.381 1.85995
0.744208 0.248069 0.620174 1.39464
0.762001 0.127 0.635001 0.505029
0.963087 0.240772 0.120386 0.984345
0.872872 -0.218218 0.436436 0.680797
0.824163 0.137361 0.549442 2.35513
0.889001 0.254 -0.381 1.54436
0.80829 -0.11547 0.57735 1.10259
0.666667 0.333333 0.666667 0.420673
0.7396 -0.64715 0.1849 1.29837
0.980581 -0.196116 0 0.811519
0.752577 0 0.658505 1.61428
0.80829 -0.11547 0.57735 1.07454
0.894427 -0.357771 -0.268328 1.66428
0.766261 0.287348 0.574696 1.37002
0.919145 0 -0.393919 1.31308
