0 135.623 135.623  1100 3
1 -135.623 135.623  1100 3
2 135.623 -135.623  1100 3
3 -135.623 -135.623  1100 3
4 135.623 406.868  1100 3
5 -135.623 406.868  1100 3
6 135.623 -406.868  1100 3
7 -135.623 -406.868  1100 3
8 135.623 678.114  1100 3
9 -135.623 678.114  1100 3
10 135.623 -678.114  1100 3
11 -135.623 -678.114  1100 3
12 406.868 135.623  1100 3
13 -406.868 135.623  1100 3
14 406.868 -135.623  1100 3
15 -406.868 -135.623  1100 3
16 406.868 406.868  1100 3
17 -406.868 406.868  1100 3
18 406.868 -406.868  1100 3
19 -406.868 -406.868  1100 3
20 406.868 678.114  1100 3
21 -406.868 678.114  1100 3
22 406.868 -678.114  1100 3
23 -406.868 -678.114  1100 3
24 678.114 135.623  1100 3
25 -678.114 135.623  1100 3
26 678.114 -135.623  1100 3
27 -678.114 -135.623  1100 3
28 678.114 406.868  1100 3
29 -678.114 406.868  1100 3
30 678.114 -406.868  1100 3
31 -678.114 -406.868  1100 3
32 1100 0  135.623 3
33 1100 0  -135.623 3
34 1065.44 273.559  135.623 3
35 1065.44 273.559  -135.623 3
36 963.937 529.929  135.623 3
37 963.937 529.929  -135.623 3
38 801.865 753.002  135.623 3
39 801.865 753.002  -135.623 3
40 589.409 928.761  135.623 3
41 589.409 928.761  -135.623 3
42 339.919 1046.16  135.623 3
43 339.919 1046.16  -135.623 3
44 69.0696 1097.83  135.623 3
45 69.0696 1097.83  -135.623 3
46 -206.119 1080.52  135.623 3
47 -206.119 1080.52  -135.623 3
48 -468.357 995.31  135.623 3
49 -468.357 995.31  -135.623 3
50 -701.166 847.565  135.623 3
51 -701.166 847.565  -135.623 3
52 -889.919 646.564  135.623 3
53 -889.919 646.564  -135.623 3
54 -1022.75 404.937  135.623 3
55 -1022.75 404.937  -135.623 3
56 -1091.33 137.867  135.623 3
57 -1091.33 137.867  -135.623 3
58 -1091.33 -137.867  135.623 3
59 -1091.33 -137.867  -135.623 3
60 -1022.75 -404.937  135.623 3
61 -1022.75 -404.937  -135.623 3
62 -889.919 -646.564  135.623 3
63 -889.919 -646.564  -135.623 3
64 -701.166 -847.565  135.623 3
65 -701.166 -847.565  -135.623 3
66 -468.357 -995.31  135.623 3
67 -468.357 -995.31  -135.623 3
68 -206.119 -1080.52  135.623 3
69 -206.119 -1080.52  -135.623 3
70 69.0696 -1097.83  135.623 3
71 69.0696 -1097.83  -135.623 3
72 339.919 -1046.16  135.623 3
73 339.919 -1046.16  -135.623 3
74 589.409 -928.761  135.623 3
75 589.409 -928.761  -135.623 3
76 801.865 -753.002  135.623 3
77 801.865 -753.002  -135.623 3
78 963.937 -529.929  135.623 3
79 963.937 -529.929  -135.623 3
80 1065.44 -273.559  135.623 3
81 1065.44 -273.559  -135.623 3
82 1100 0  406.868 3
83 1100 0  -406.868 3
84 1065.44 273.559  406.868 3
85 1065.44 273.559  -406.868 3
86 963.937 529.929  406.868 3
87 963.937 529.929  -406.868 3
88 801.865 753.002  406.868 3
89 801.865 753.002  -406.868 3
90 589.409 928.761  406.868 3
91 589.409 928.761  -406.868 3
92 339.919 1046.16  406.868 3
93 339.919 1046.16  -406.868 3
94 69.0696 1097.83  406.868 3
95 69.0696 1097.83  -406.868 3
96 -206.119 1080.52  406.868 3
97 -206.119 1080.52  -406.868 3
98 -468.357 995.31  406.868 3
99 -468.357 995.31  -406.868 3
100 -701.166 847.565  406.868 3
101 -701.166 847.565  -406.868 3
102 -889.919 646.564  406.868 3
103 -889.919 646.564  -406.868 3
104 -1022.75 404.937  406.868 3
105 -1022.75 404.937  -406.868 3
106 -1091.33 137.867  406.868 3
107 -1091.33 137.867  -406.868 3
108 -1091.33 -137.867  406.868 3
109 -1091.33 -137.867  -406.868 3
110 -1022.75 -404.937  406.868 3
111 -1022.75 -404.937  -406.868 3
112 -889.919 -646.564  406.868 3
113 -889.919 -646.564  -406.868 3
114 -701.166 -847.565  406.868 3
115 -701.166 -847.565  -406.868 3
116 -468.357 -995.31  406.868 3
117 -468.357 -995.31  -406.868 3
118 -206.119 -1080.52  406.868 3
119 -206.119 -1080.52  -406.868 3
120 69.0696 -1097.83  406.868 3
121 69.0696 -1097.83  -406.868 3
122 339.919 -1046.16  406.868 3
123 339.919 -1046.16  -406.868 3
124 589.409 -928.761  406.868 3
125 589.409 -928.761  -406.868 3
126 801.865 -753.002  406.868 3
127 801.865 -753.002  -406.868 3
128 963.937 -529.929  406.868 3
129 963.937 -529.929  -406.868 3
130 1065.44 -273.559  406.868 3
131 1065.44 -273.559  -406.868 3
132 1100 0  678.114 3
133 1100 0  -678.114 3
134 1065.44 273.559  678.114 3
135 1065.44 273.559  -678.114 3
136 963.937 529.929  678.114 3
137 963.937 529.929  -678.114 3
138 801.865 753.002  678.114 3
139 801.865 753.002  -678.114 3
140 589.409 928.761  678.114 3
141 589.409 928.761  -678.114 3
142 339.919 1046.16  678.114 3
143 339.919 1046.16  -678.114 3
144 69.0696 1097.83  678.114 3
145 69.0696 1097.83  -678.114 3
146 -206.119 1080.52  678.114 3
147 -206.119 1080.52  -678.114 3
148 -468.357 995.31  678.114 3
149 -468.357 995.31  -678.114 3
150 -701.166 847.565  678.114 3
151 -701.166 847.565  -678.114 3
152 -889.919 646.564  678.114 3
153 -889.919 646.564  -678.114 3
154 -1022.75 404.937  678.114 3
155 -1022.75 404.937  -678.114 3
156 -1091.33 137.867  678.114 3
157 -1091.33 137.867  -678.114 3
158 -1091.33 -137.867  678.114 3
159 -1091.33 -137.867  -678.114 3
160 -1022.75 -404.937  678.114 3
161 -1022.75 -404.937  -678.114 3
162 -889.919 -646.564  678.114 3
163 -889.919 -646.564  -678.114 3
164 -701.166 -847.565  678.114 3
165 -701.166 -847.565  -678.114 3
166 -468.357 -995.31  678.114 3
167 -468.357 -995.31  -678.114 3
168 -206.119 -1080.52  678.114 3
169 -206.119 -1080.52  -678.114 3
170 69.0696 -1097.83  678.114 3
171 69.0696 -1097.83  -678.114 3
172 339.919 -1046.16  678.114 3
173 339.919 -1046.16  -678.114 3
174 589.409 -928.761  678.114 3
175 589.409 -928.761  -678.114 3
176 801.865 -753.002  678.114 3
177 801.865 -753.002  -678.114 3
178 963.937 -529.929  678.114 3
179 963.937 -529.929  -678.114 3
180 1065.44 -273.559  678.114 3
181 1065.44 -273.559  -678.114 3
182 1100 0  949.359 3
183 1100 0  -949.359 3
184 1065.44 273.559  949.359 3
185 1065.44 273.559  -949.359 3
186 963.937 529.929  949.359 3
187 963.937 529.929  -949.359 3
188 801.865 753.002  949.359 3
189 801.865 753.002  -949.359 3
190 589.409 928.761  949.359 3
191 589.409 928.761  -949.359 3
192 339.919 1046.16  949.359 3
193 339.919 1046.16  -949.359 3
194 69.0696 1097.83  949.359 3
195 69.0696 1097.83  -949.359 3
196 -206.119 1080.52  949.359 3
197 -206.119 1080.52  -949.359 3
198 -468.357 995.31  949.359 3
199 -468.357 995.31  -949.359 3
200 -701.166 847.565  949.359 3
201 -701.166 847.565  -949.359 3
202 -889.919 646.564  949.359 3
203 -889.919 646.564  -949.359 3
204 -1022.75 404.937  949.359 3
205 -1022.75 404.937  -949.359 3
206 -1091.33 137.867  949.359 3
207 -1091.33 137.867  -949.359 3
208 -1091.33 -137.867  949.359 3
209 -1091.33 -137.867  -949.359 3
210 -1022.75 -404.937  949.359 3
211 -1022.75 -404.937  -949.359 3
212 -889.919 -646.564  949.359 3
213 -889.919 -646.564  -949.359 3
214 -701.166 -847.565  949.359 3
215 -701.166 -847.565  -949.359 3
216 -468.357 -995.31  949.359 3
217 -468.357 -995.31  -949.359 3
218 -206.119 -1080.52  949.359 3
219 -206.119 -1080.52  -949.359 3
220 69.0696 -1097.83  949.359 3
221 69.0696 -1097.83  -949.359 3
222 339.919 -1046.16  949.359 3
223 339.919 -1046.16  -949.359 3
224 589.409 -928.761  949.359 3
225 589.409 -928.761  -949.359 3
226 801.865 -753.002  949.359 3
227 801.865 -753.002  -949.359 3
228 963.937 -529.929  949.359 3
229 963.937 -529.929  -949.359 3
230 1065.44 -273.559  949.359 3
231 1065.44 -273.559  -949.359 3
232 135.623 135.623  -1100 3
233 -135.623 135.623  -1100 3
234 135.623 -135.623  -1100 3
235 -135.623 -135.623  -1100 3
236 135.623 406.868  -1100 3
237 -135.623 406.868  -1100 3
238 135.623 -406.868  -1100 3
239 -135.623 -406.868  -1100 3
240 135.623 678.114  -1100 3
241 -135.623 678.114  -1100 3
242 135.623 -678.114  -1100 3
243 -135.623 -678.114  -1100 3
244 406.868 135.623  -1100 3
245 -406.868 135.623  -1100 3
246 406.868 -135.623  -1100 3
247 -406.868 -135.623  -1100 3
248 406.868 406.868  -1100 3
249 -406.868 406.868  -1100 3
250 406.868 -406.868  -1100 3
251 -406.868 -406.868  -1100 3
252 406.868 678.114  -1100 3
253 -406.868 678.114  -1100 3
254 406.868 -678.114  -1100 3
255 -406.868 -678.114  -1100 3
256 678.114 135.623  -1100 3
257 -678.114 135.623  -1100 3
258 678.114 -135.623  -1100 3
259 -678.114 -135.623  -1100 3
260 678.114 406.868  -1100 3
261 -678.114 406.868  -1100 3
262 678.114 -406.868  -1100 3
263 -678.114 -406.868  -1100 3
